
1,0.2379748,0.1531546,0.2379905,2.519188e-05,1
2,0.1838251,0.1511355,0.1838335,1.612478e-05,1
3,0.1468609,0.1395782,0.1468616,1.355782e-05,1
4,0.121609,0.1289829,0.1216216,1.256683e-05,1
5,0.1216144,0.12058,0.1216216,1.092901e-05,1
6,0.1161546,0.1140355,0.1161539,9.909884e-06,1
7,0.1086947,0.1088699,0.1086886,9.344989e-06,1
8,0.1010475,0.1047065,0.1010439,9.046458e-06,1
9,0.1010471,0.1012797,0.1010439,8.413327e-06,1
10,0.0988231,0.0984064,0.09883584,7.976251e-06,1
11,0.09543587,0.09595863,0.09544418,7.707244e-06,1
12,0.09157866,0.09384533,0.09158516,7.552908e-06,1
13,0.09158775,0.09200007,0.09158516,7.195506e-06,1
14,0.09035714,0.09037328,0.09035907,6.941045e-06,1
15,0.0883825,0.08892721,0.08838064,6.776316e-06,1
16,0.08600901,0.08763254,0.08601703,6.677504e-06,1
17,0.08602101,0.08646612,0.08601703,6.44019e-06,1
18,0.08523025,0.08540941,0.0852293,6.268366e-06,1
19,0.08391815,0.08444738,0.08392329,6.153536e-06,1
20,0.08231884,0.08356769,0.08231844,6.082705e-06,1
21,0.08230569,0.0827601,0.08231844,5.910211e-06,1
22,0.08175504,0.08201605,0.08176799,5.783496e-06,1
23,0.08083585,0.08132829,0.08083958,5.698239e-06,1
24,0.07967109,0.08069068,0.0796776,5.643669e-06,1
25,0.07967165,0.08009796,0.0796776,5.510678e-06,1
26,0.07927361,0.07954558,0.07927132,5.412694e-06,1
27,0.07856872,0.0790296,0.07857792,5.344911e-06,1
28,0.07770059,0.07854659,0.07769881,5.301013e-06,1
29,0.07769669,0.07809355,0.07769881,5.194561e-06,1
30,0.07738523,0.07766783,0.07738718,5.115959e-06,1
31,0.07685274,0.0772671,0.0768507,5.060275e-06,1
32,0.07617002,0.07688927,0.07616399,5.023419e-06,1
33,0.07616545,0.0765325,0.07616399,4.936107e-06,1
34,0.07591765,0.07619513,0.07591804,4.870463e-06,1
35,0.07548835,0.07587569,0.07549181,4.823095e-06,1
36,0.07494273,0.07557283,0.0749422,4.791931e-06,1
37,0.07494033,0.07528536,0.0749422,4.717688e-06,1
38,0.07474308,0.07501219,0.07474376,4.66213e-06,1
39,0.07440632,0.07475232,0.07439808,4.622309e-06,1
40,0.07394973,0.07450486,0.0739497,4.593894e-06,1
41,0.07394573,0.07426899,0.0739497,4.530766e-06,1
42,0.07378539,0.07404396,0.07378677,4.482612e-06,1
43,0.07350851,0.07382909,0.07350175,4.44744e-06,1
44,0.07312295,0.07362374,0.07313028,4.422289e-06,1
45,0.07312955,0.07342734,0.07313028,4.367431e-06,1
46,0.07299211,0.07323936,0.07299458,4.324961e-06,1
47,0.0727558,0.0730593,0.07275637,4.2938e-06,1
48,0.07244325,0.07288671,0.07244468,4.271587e-06,1
49,0.07244368,0.07272118,0.07244468,4.223014e-06,1
50,0.07232876,0.0725623,0.07233032,4.18547e-06,1
51,0.07213025,0.07240973,0.07212898,4.157461e-06,1
52,0.07186752,0.07226311,0.07186465,4.137139e-06,1
53,0.07186102,0.07212215,0.07186465,4.093917e-06,1
54,0.07176676,0.07198655,0.07176731,4.06056e-06,1
55,0.07159222,0.07185604,0.0715955,4.035156e-06,1
56,0.07136936,0.07173036,0.07136929,4.016194e-06,1
57,0.07136836,0.07160927,0.07136929,3.97773e-06,1
58,0.07128485,0.07149256,0.07128572,3.947246e-06,1
59,0.0711342,0.07138001,0.07113791,3.923961e-06,1
60,0.07094852,0.07127143,0.07094281,3.907048e-06,1
61,0.07093937,0.07116663,0.07094281,3.87204e-06,1
62,0.07086918,0.07106544,0.07087054,3.844102e-06,1
63,0.07074365,0.07096769,0.07074246,3.82281e-06,1
64,0.07056934,0.07087324,0.07057306,3.806455e-06,1
65,0.07058163,0.07078194,0.07057306,3.77509e-06,1
66,0.07051082,0.07069365,0.07051015,3.749638e-06,1
67,0.0703981,0.07060824,0.07039848,3.729826e-06,1
68,0.07024956,0.07052559,0.0702505,3.714704e-06,1
69,0.07024998,0.07044558,0.0702505,3.685497e-06,1
70,0.07019744,0.07036811,0.07019543,3.661985e-06,1
71,0.07009422,0.07029307,0.07009754,3.643692e-06,1
72,0.06996369,0.07022036,0.0699676,3.629228e-06,1
73,0.0699716,0.0701499,0.0699676,3.602969e-06,1
74,0.06991697,0.07008158,0.06991915,3.581512e-06,1
75,0.06983433,0.07001534,0.06983291,3.564268e-06,1
76,0.06972044,0.06995108,0.06971827,3.550783e-06,1
77,0.06971462,0.06988873,0.06971827,3.525786e-06,1
78,0.0696822,0.06982822,0.06967545,3.505949e-06,1
79,0.0695981,0.06976948,0.06959915,3.490016e-06,1
80,0.06950089,0.06971244,0.06949758,3.477172e-06,1
81,0.06949789,0.06965705,0.06949758,3.454288e-06,1
82,0.06945749,0.06960324,0.06945958,3.43554e-06,1
83,0.06939266,0.06955095,0.06939181,3.420329e-06,1
84,0.06930551,0.06950014,0.06930147,3.408265e-06,1
85,0.06929801,0.06945074,0.06930147,3.386862e-06,1
86,0.06926537,0.06940271,0.06926764,3.369599e-06,1
87,0.06921081,0.06935601,0.06920722,3.355041e-06,1
88,0.06913011,0.06931058,0.06912661,3.343933e-06,1
89,0.06912212,0.06926638,0.06912661,3.323627e-06,1
90,0.06909517,0.06922337,0.06909637,3.307163e-06,1
95,0.06888505,0.06902486,0.06889461,3.23526e-06,1
100,0.06871404,0.06885077,0.06870356,3.170507e-06,0
105,0.06858757,0.0686975,0.06858969,3.102907e-06,1
110,0.06847413,0.06856208,0.06846883,3.04216e-06,1
115,0.06834635,0.06844203,0.06834809,2.986399e-06,1
120,0.06823328,0.0683353,0.06823199,2.934687e-06,1
125,0.06816121,0.06824015,0.06816192,2.881885e-06,1
130,0.06808312,0.0681551,0.0680868,2.833029e-06,1
135,0.06801251,0.06807892,0.06801094,2.78782e-06,1
140,0.06793794,0.06801052,0.06793721,2.745422e-06,1
145,0.06788994,0.067949,0.06789231,2.702182e-06,1
150,0.06784684,0.06789356,0.06784382,2.66193e-06,1
1000,0.06732292,0.06731051,-nan,1.062207e-06,0
100,0.3173211,0.3173105,0.3173207,3.359044e-06,1
105,0.3173215,0.3173105,0.3173207,3.2784e-06,1
110,0.3173203,0.3173105,0.3173207,3.202699e-06,1
115,0.3173234,0.3173105,0.3173207,3.132149e-06,1
120,0.3173181,0.3173105,0.3173207,3.066302e-06,1
125,0.3173207,0.3173105,0.3173207,3.004219e-06,1
130,0.3173178,0.3173105,0.3173207,2.945773e-06,1
135,0.3173229,0.3173105,0.3173207,2.890824e-06,1
140,0.3173182,0.3173105,0.3173207,2.838867e-06,1
145,0.3173218,0.3173105,0.3173207,2.789365e-06,1
100,0.06972276,0.06885077,0.06972536,3.181607e-06,1
110,0.0694935,0.06856208,0.06949871,3.052065e-06,1
120,0.0692707,0.0683353,0.06927084,2.943899e-06,1
130,0.06913774,0.0681551,0.0691316,2.841572e-06,1
140,0.06898603,0.06801052,0.06898866,2.753109e-06,1
100,0.06868359,0.06885077,0.06869503,0.0001002918,1
110,0.06846238,0.06856208,0.06846024,9.609064e-05,1
120,0.06823151,0.0683353,0.06822332,9.273003e-05,1
130,0.0679844,0.0681551,0.06807808,8.967213e-05,1
140,0.06781016,0.06801052,0.06792844,8.672793e-05,1
100,0,-0.4006444,1.854908e-21,0,0
110,0,-0.4047118,4.762964e-23,0,0
120,0,-0.4082122,5.617687e-25,0,0
130,0,-0.4112361,1.47122e-26,0,0
140,0,-0.4138567,1.771174e-28,0,0
100,0,3.17373e-21,1.854908e-21,0,0
110,0,4.019336e-23,4.762964e-23,0,0
120,0,5.111409e-25,5.617687e-25,0,0
130,0,6.522892e-27,1.47122e-26,0,0
140,0,8.348885e-29,1.771174e-28,0,0
100,0,3.17373e-21,1.854908e-21,0,0
110,0,4.019336e-23,4.762964e-23,0,0
120,0,5.111409e-25,5.617687e-25,0,0
130,0,6.522892e-27,1.47122e-26,0,0
140,0,8.348885e-29,1.771174e-28,0,0
100,0,-6.006353e-18,7.418981e-17,0,0
110,0,8.560149e-18,4.245962e-18,0,0
120,0,3.32094e-19,2.26352e-19,0,0
130,0,1.292867e-20,1.159876e-20,0,0
140,0,5.048189e-22,5.799761e-22,0,0
100,0,2.177724e-17,3.669379e-16,0,0
110,0,-5.020304e-18,2.636799e-17,0,0
120,0,2.545922e-18,1.570326e-18,0,0
130,0,1.174501e-19,8.600548e-20,0,0
140,0,5.434384e-21,4.497755e-21,0,0
100,0,9.98301e-17,1.734585e-15,0,0
110,0,7.708679e-18,1.480308e-16,0,0
120,0,-1.112268e-18,9.42708e-18,0,0
130,0,1.004824e-18,5.360299e-19,0,0
140,0,5.484001e-20,4.222581e-20,0,0
100,0,2.769155e-15,3.395211e-14,0,0
110,0,1.793712e-16,3.728638e-15,0,0
120,0,1.012471e-17,2.593935e-16,0,0
130,0,6.025303e-18,2.904297e-17,0,0
140,0,4.600332e-18,2.06119e-18,0,0
100,0,4.558121e-12,2.743372e-11,0,0
110,0,6.285975e-13,4.51172e-12,0,0
120,0,8.769045e-14,7.504046e-13,0,0
130,0,1.235179e-14,1.260055e-13,0,0
140,0,1.748429e-15,2.1332e-14,0,0
100,0.0004904687,0.0004042919,0.000485804,9.375452e-06,1
110,0.0003680634,0.0002961399,0.0003647903,7.788059e-06,1
120,0.0002761545,0.0002187901,0.0002755931,6.426225e-06,1
130,0.000204363,0.0001628315,0.0002092454,5.402524e-06,1
140,0.0001580134,0.000121954,0.0001595172,4.62934e-06,1
100,4.46875e-05,2.98248e-05,4.265602e-05,2.590676e-06,1
110,2.677557e-05,1.756448e-05,2.7266e-05,1.853307e-06,1
120,1.605903e-05,1.044473e-05,1.589515e-05,1.388405e-06,1
130,1.08774e-05,6.26234e-06,1.032291e-05,1.108745e-06,1
140,6.956845e-06,3.781456e-06,6.119384e-06,9.239516e-07,1
100,0.02311292,0.02245178,0.02299448,6.982972e-05,1
110,0.02233393,0.02159878,0.02218703,6.681115e-05,1
120,0.02156466,0.02085568,0.02147288,6.418437e-05,1
130,0.0208287,0.02020088,0.02083543,6.148056e-05,1
140,0.02027731,0.01961827,0.02026194,5.958639e-05,1
100,0.01336995,0.01290906,0.01336678,5.391881e-05,1
110,0.01263376,0.01207799,0.01260793,5.093677e-05,1
120,0.01191104,0.0113558,0.01188409,4.834105e-05,1
130,0.01123882,0.01072099,0.01119641,4.621926e-05,1
140,0.01067199,0.01015757,0.01064327,4.405978e-05,1
